0 0.320106 0.978491 0.518479 0.982420 0.517998 0.976210 0.320235 0.972622
0 0.323599 0.958012 0.332442 0.958653 0.330519 0.972622 0.507185 0.975698 0.506896 0.961600 0.506896 0.959550 0.516797 0.958909 0.516604 0.936610 0.328405 0.933534
0 0.406774 0.935159 0.417022 0.829063 0.292440 0.821294 0.297262 0.791019 0.419433 0.799324 0.531457 0.797717 0.530251 0.829599 0.444450 0.829867 0.439025 0.936231
0 0.061159 0.950698 0.331321 0.454245 0.341368 0.483984 0.215882 0.755520 0.202218 0.746142 0.101749 0.949426
0 0.250544 0.789210 0.292540 0.822164 0.297363 0.790818
0 0.532160 0.796980 0.540800 0.797516 0.530150 0.828594
0 0.570037 0.797248 0.573654 0.828862 0.627103 0.827255 0.630117 0.796444
0 0.716293 0.968971 0.673981 0.825534 0.653517 0.826640 0.656005 0.794929 0.713528 0.789767 0.780452 0.966389
0 0.666514 0.791979 0.656559 0.767643 0.662643 0.659605 0.712975 0.789767
0 0.635126 0.691316 0.533080 0.359642 0.546630 0.357798 0.638168 0.594339
0 0.331754 0.454742 0.340122 0.439943 0.343646 0.480463 0.341708 0.483869
0 0.351794 0.420564 0.389319 0.352677 0.401211 0.356906 0.368002 0.426554
