0 0.961380 0.552044 0.887402 0.663262 0.910849 0.664832 0.967237 0.552928
0 0.912236 0.664984 0.921786 0.665651 0.918986 0.672184 0.906586 0.671651 0.780625 0.905816 0.811662 0.908999 0.789651 0.955843 0.756929 0.950134 0.729466 0.999609 0.653068 0.999154 0.696724 0.939581 0.666601 0.935645 0.697640 0.893966 0.723162 0.897399 0.883286 0.671278 0.871035 0.670051 0.875336 0.663117
0 0.673573 0.923469 0.248243 0.847698 0.264983 0.831251 0.690101 0.903093
0 0.230512 0.842210 0.223891 0.840993 0.223434 0.823032 0.230740 0.825467
0 0.870603 0.668440 0.758498 0.663360 0.758676 0.659739 0.874157 0.664295
0 0.628874 0.656731 0.397568 0.643243 0.400849 0.640782 0.629284 0.653359
0 0.402093 0.638888 0.429759 0.633080 0.462990 0.635231 0.478154 0.631252 0.404432 0.627381 0.390317 0.630607 0.415885 0.632113 0.389389 0.638243
0 0.397415 0.643512 0.252795 0.633296 0.252875 0.630499 0.400399 0.640501
0 0.252472 0.616841 0.378783 0.599419 0.377411 0.597053 0.252553 0.614583
0 0.222909 0.841775 0.000000 0.795821 0.000000 0.778519 0.222909 0.822566
